hola#,-53,-2,1
||,-42,-1,1
juan$,-54,-2,1
&&,-41,-1,1
pepito&,-51,-2,1
"hi",-63,-1,1
12,-61,-1,1
+,-24,-1,1
12.12,-62,-1,1
,,-76,-1,2
hola1#,-53,-2,2
1,-61,-1,2
"hola",-63,-1,4
begin,-2,-1,4
:,-77,-1,4
program,-1,-1,4
end,-3,-1,4
(,-73,-1,4
int,-11,-1,4
),-74,-1,4
end,-3,-1,6
program,-1,-1,6
do,-17,-1,6
:=,-26,-1,6
while,-8,-1,6
*,-21,-1,6
hola#,-53,-2,8
,,-76,-1,8
como#,-53,-2,8
,,-76,-1,8
estan%,-52,-2,8
si$,-54,-2,8
acaso&,-51,-2,8
11,-61,-1,8
holadenuevo#,-53,-2,8
;,-75,-1,8
,,-76,-1,8
while,-8,-1,8
"hola",-63,-1,9
bien$,-54,-2,9
,,-76,-1,9
,,-76,-1,9
oki%,-52,-2,9
bueno#,-53,-2,10
,,-76,-1,10
adios#,-53,-2,10
,,-76,-1,10
15.4,-62,-1,10
,,-76,-1,10
1234,-61,-1,10
,,-76,-1,10
-,-25,-1,10
13.35,-62,-1,10
,,-76,-1,11
nuevo%,-52,-2,11
,,-76,-1,11
1234,-61,-1,11
hi&,-51,-2,11
,,-76,-1,11
"hola mundo",-63,-1,11
,,-76,-1,11
"soy yo",-63,-1,11
begin,-2,-1,12
,,-76,-1,12
int,-11,-1,12
,,-76,-1,12
"hello again",-63,-1,12
true,-64,-1,12
,,-76,-1,12
false,-65,-1,12
,,-76,-1,12
hola&,-51,-2,12
juan#,-53,-2,12
10,-61,-1,13
+,-24,-1,13
5,-61,-1,13
-,-25,-1,13
17.24,-62,-1,13
memo#,-53,-2,13
,,-76,-1,13
15.32,-62,-1,13
hola#,-53,-2,13
;,-75,-1,13
10,-61,-1,13
>=,-34,-1,13
2,-61,-1,13
,,-76,-1,13
juanito&,-51,-2,13
<=,-32,-1,13
pepito&,-51,-2,13
